step   t[s]            hdot[m/s]       h[m]            R[m]            Dt[s]   
    0  0.00000000E+00  1.01669092E-01  1.59154943E-03  1.00000000E-02  0.00000000E+00
    1  1.56542112E-03  5.05107711E-02  1.43239449E-03  1.05409255E-02  1.56542112E-03
    2  4.40124099E-03  2.45615299E-02  1.28915504E-03  1.11111111E-02  2.83581988E-03
    3  9.64991664E-03  1.17229802E-02  1.16023954E-03  1.17121395E-02  5.24867564E-03
    4  1.95470547E-02  5.50494842E-03  1.04421558E-03  1.23456790E-02  9.89713803E-03
    5  3.85157262E-02  2.54776482E-03  9.39794023E-04  1.30134883E-02  1.89686715E-02
    6  7.54027267E-02  1.16335078E-03  8.45814621E-04  1.37174211E-02  3.68870005E-02
    7  1.48107764E-01  5.24223868E-04  7.61233159E-04  1.44594315E-02  7.27050372E-02
    8  2.93319229E-01  2.32964749E-04  6.85109843E-04  1.52415790E-02  1.45211465E-01
    9  4.93319229E-01  1.34311955E-04  6.38516893E-04  1.57878819E-02  2.00000000E-01
   10  6.93319229E-01  9.56131577E-05  6.11654502E-04  1.61308398E-02  2.00000000E-01
   11  8.93319229E-01  7.42278347E-05  5.92531871E-04  1.63890662E-02  2.00000000E-01
   12  1.09331923E+00  6.05562627E-05  5.77686304E-04  1.65983161E-02  2.00000000E-01
   13  1.29331923E+00  5.10411865E-05  5.65575051E-04  1.67750933E-02  2.00000000E-01
   14  1.49331923E+00  4.40336457E-05  5.55366814E-04  1.69285634E-02  2.00000000E-01
   15  1.69331923E+00  3.86586218E-05  5.46560085E-04  1.70644034E-02  2.00000000E-01
   16  1.89331923E+00  3.44069032E-05  5.38828360E-04  1.71863971E-02  2.00000000E-01
   17  2.09331923E+00  3.09614265E-05  5.31946980E-04  1.72972034E-02  2.00000000E-01
   18  2.29331923E+00  2.81142446E-05  5.25754695E-04  1.73987676E-02  2.00000000E-01
   19  2.49331923E+00  2.57232256E-05  5.20131846E-04  1.74925588E-02  2.00000000E-01
   20  2.69331923E+00  2.36878946E-05  5.14987201E-04  1.75797157E-02  2.00000000E-01
   21  2.89331923E+00  2.19352055E-05  5.10249622E-04  1.76611395E-02  2.00000000E-01
   22  3.09331923E+00  2.04107783E-05  5.05862580E-04  1.77375564E-02  2.00000000E-01
   23  3.29331923E+00  1.90732961E-05  5.01780425E-04  1.78095608E-02  2.00000000E-01
   24  3.49331923E+00  1.78908079E-05  4.97965766E-04  1.78776455E-02  2.00000000E-01
   25  3.69331923E+00  1.68382201E-05  4.94387604E-04  1.79422242E-02  2.00000000E-01
   26  3.89331923E+00  1.58955524E-05  4.91019960E-04  1.80036471E-02  2.00000000E-01
   27  4.09331923E+00  1.50467014E-05  4.87840850E-04  1.80622140E-02  2.00000000E-01
   28  4.29331923E+00  1.42785452E-05  4.84831509E-04  1.81181832E-02  2.00000000E-01
   29  4.49331923E+00  1.35802856E-05  4.81975800E-04  1.81717791E-02  2.00000000E-01
   30  4.69331923E+00  1.29429567E-05  4.79259743E-04  1.82231979E-02  2.00000000E-01
   31  4.89331923E+00  1.23590534E-05  4.76671152E-04  1.82726119E-02  2.00000000E-01
   32  5.09331923E+00  1.18222458E-05  4.74199341E-04  1.83201739E-02  2.00000000E-01
   33  5.29331923E+00  1.13271593E-05  4.71834892E-04  1.83660194E-02  2.00000000E-01
   34  5.49331923E+00  1.08692010E-05  4.69569460E-04  1.84102694E-02  2.00000000E-01
   35  5.69331923E+00  1.04444232E-05  4.67395620E-04  1.84530325E-02  2.00000000E-01
   36  5.89331923E+00  1.00494143E-05  4.65306735E-04  1.84944064E-02  2.00000000E-01
   37  6.09331923E+00  9.68121138E-06  4.63296852E-04  1.85344794E-02  2.00000000E-01
   38  6.29331923E+00  9.33722874E-06  4.61360610E-04  1.85733315E-02  2.00000000E-01
   39  6.49331923E+00  9.01520013E-06  4.59493164E-04  1.86110355E-02  2.00000000E-01
   40  6.69331923E+00  8.71313112E-06  4.57690124E-04  1.86476580E-02  2.00000000E-01
   41  6.89331923E+00  8.42925961E-06  4.55947498E-04  1.86832596E-02  2.00000000E-01
   42  7.09331923E+00  8.16202321E-06  4.54261646E-04  1.87178960E-02  2.00000000E-01
   43  7.29331923E+00  7.91003177E-06  4.52629242E-04  1.87516186E-02  2.00000000E-01
   44  7.49331923E+00  7.67204444E-06  4.51047235E-04  1.87844746E-02  2.00000000E-01
   45  7.69331923E+00  7.44695023E-06  4.49512826E-04  1.88165077E-02  2.00000000E-01
   46  7.89331923E+00  7.23375152E-06  4.48023436E-04  1.88477581E-02  2.00000000E-01
   47  8.09331923E+00  7.03155008E-06  4.46576686E-04  1.88782635E-02  2.00000000E-01
   48  8.29331923E+00  6.83953499E-06  4.45170376E-04  1.89080585E-02  2.00000000E-01
   49  8.49331923E+00  6.65697239E-06  4.43802469E-04  1.89371757E-02  2.00000000E-01
   50  8.69331923E+00  6.48319655E-06  4.42471074E-04  1.89656453E-02  2.00000000E-01
   51  8.89331923E+00  6.31760221E-06  4.41174435E-04  1.89934954E-02  2.00000000E-01
   52  9.09331923E+00  6.15963788E-06  4.39910915E-04  1.90207526E-02  2.00000000E-01
   53  9.29331923E+00  6.00880005E-06  4.38678987E-04  1.90474416E-02  2.00000000E-01
   54  9.49331923E+00  5.86462812E-06  4.37477227E-04  1.90735855E-02  2.00000000E-01
   55  9.69331923E+00  5.72669990E-06  4.36304301E-04  1.90992062E-02  2.00000000E-01
   56  9.89331923E+00  5.59462778E-06  4.35158961E-04  1.91243243E-02  2.00000000E-01
   57  1.00933192E+01  5.46805522E-06  4.34040036E-04  1.91489591E-02  2.00000000E-01
   58  1.02933192E+01  5.34665375E-06  4.32946425E-04  1.91731287E-02  2.00000000E-01
   59  1.04933192E+01  5.23012026E-06  4.31877094E-04  1.91968504E-02  2.00000000E-01
   60  1.06933192E+01  5.11817464E-06  4.30831070E-04  1.92201405E-02  2.00000000E-01
   61  1.08933192E+01  5.01055762E-06  4.29807435E-04  1.92430144E-02  2.00000000E-01
   62  1.10933192E+01  4.90702888E-06  4.28805324E-04  1.92654865E-02  2.00000000E-01
   63  1.12933192E+01  4.80736539E-06  4.27823918E-04  1.92875709E-02  2.00000000E-01
   64  1.14933192E+01  4.71135987E-06  4.26862445E-04  1.93092805E-02  2.00000000E-01
   65  1.16933192E+01  4.61881943E-06  4.25920173E-04  1.93306279E-02  2.00000000E-01
   66  1.18933192E+01  4.52956436E-06  4.24996409E-04  1.93516248E-02  2.00000000E-01
   67  1.20933192E+01  4.44342702E-06  4.24090496E-04  1.93722826E-02  2.00000000E-01
   68  1.22933192E+01  4.36025086E-06  4.23201811E-04  1.93926120E-02  2.00000000E-01
   69  1.24933192E+01  4.27988952E-06  4.22329760E-04  1.94126231E-02  2.00000000E-01
   70  1.26933192E+01  4.20220602E-06  4.21473783E-04  1.94323258E-02  2.00000000E-01
   71  1.28933192E+01  4.12707202E-06  4.20633341E-04  1.94517294E-02  2.00000000E-01
   72  1.30933192E+01  4.05436716E-06  4.19807927E-04  1.94708427E-02  2.00000000E-01
   73  1.32933192E+01  3.98397846E-06  4.18997054E-04  1.94896743E-02  2.00000000E-01
   74  1.34933192E+01  3.91579973E-06  4.18200258E-04  1.95082323E-02  2.00000000E-01
   75  1.36933192E+01  3.84973112E-06  4.17417098E-04  1.95265244E-02  2.00000000E-01
   76  1.38933192E+01  3.78567865E-06  4.16647152E-04  1.95445582E-02  2.00000000E-01
   77  1.40933192E+01  3.72355373E-06  4.15890016E-04  1.95623407E-02  2.00000000E-01
   78  1.42933192E+01  3.66327286E-06  4.15145305E-04  1.95798789E-02  2.00000000E-01
   79  1.44933192E+01  3.60475723E-06  4.14412651E-04  1.95971792E-02  2.00000000E-01
   80  1.46933192E+01  3.54793238E-06  4.13691699E-04  1.96142480E-02  2.00000000E-01
   81  1.48933192E+01  3.49272797E-06  4.12982113E-04  1.96310914E-02  2.00000000E-01
   82  1.50933192E+01  3.43907743E-06  4.12283567E-04  1.96477152E-02  2.00000000E-01
   83  1.52933192E+01  3.38691776E-06  4.11595752E-04  1.96641249E-02  2.00000000E-01
   84  1.54933192E+01  3.33618926E-06  4.10918368E-04  1.96803260E-02  2.00000000E-01
   85  1.56933192E+01  3.28683535E-06  4.10251130E-04  1.96963237E-02  2.00000000E-01
   86  1.58933192E+01  3.23880237E-06  4.09593763E-04  1.97121229E-02  2.00000000E-01
   87  1.60933192E+01  3.19203935E-06  4.08946003E-04  1.97277285E-02  2.00000000E-01
   88  1.62933192E+01  3.14649792E-06  4.08307595E-04  1.97431451E-02  2.00000000E-01
   89  1.64933192E+01  3.10213206E-06  4.07678295E-04  1.97583771E-02  2.00000000E-01
   90  1.66933192E+01  3.05889803E-06  4.07057869E-04  1.97734290E-02  2.00000000E-01
   91  1.68933192E+01  3.01675420E-06  4.06446089E-04  1.97883048E-02  2.00000000E-01
   92  1.70933192E+01  2.97566095E-06  4.05842738E-04  1.98030086E-02  2.00000000E-01
   93  1.72933192E+01  2.93558049E-06  4.05247606E-04  1.98175443E-02  2.00000000E-01
   94  1.74933192E+01  2.89647685E-06  4.04660490E-04  1.98319155E-02  2.00000000E-01
   95  1.76933192E+01  2.85831568E-06  4.04081195E-04  1.98461261E-02  2.00000000E-01
   96  1.78933192E+01  2.82106422E-06  4.03509532E-04  1.98601794E-02  2.00000000E-01
   97  1.80933192E+01  2.78469120E-06  4.02945319E-04  1.98740788E-02  2.00000000E-01
   98  1.82933192E+01  2.74916673E-06  4.02388380E-04  1.98878278E-02  2.00000000E-01
   99  1.84933192E+01  2.71446225E-06  4.01838547E-04  1.99014293E-02  2.00000000E-01
  100  1.86933192E+01  2.68055046E-06  4.01295655E-04  1.99148866E-02  2.00000000E-01
  101  1.88933192E+01  2.64740524E-06  4.00759545E-04  1.99282025E-02  2.00000000E-01
  102  1.90933192E+01  2.61500158E-06  4.00230064E-04  1.99413801E-02  2.00000000E-01
  103  1.92933192E+01  2.58331555E-06  3.99707063E-04  1.99544221E-02  2.00000000E-01
  104  1.94933192E+01  2.55232420E-06  3.99190400E-04  1.99673312E-02  2.00000000E-01
  105  1.96933192E+01  2.52200556E-06  3.98679935E-04  1.99801101E-02  2.00000000E-01
  106  1.98933192E+01  2.49233855E-06  3.98175534E-04  1.99927613E-02  2.00000000E-01
  107  2.00933192E+01  2.46330296E-06  3.97677066E-04  2.00052873E-02  2.00000000E-01
  108  2.02933192E+01  2.43487940E-06  3.97184406E-04  2.00176906E-02  2.00000000E-01
  109  2.04933192E+01  2.40704924E-06  3.96697430E-04  2.00299734E-02  2.00000000E-01
  110  2.06933192E+01  2.37979459E-06  3.96216020E-04  2.00421381E-02  2.00000000E-01
  111  2.08933192E+01  2.35309828E-06  3.95740061E-04  2.00541869E-02  2.00000000E-01
  112  2.10933192E+01  2.32694379E-06  3.95269442E-04  2.00661219E-02  2.00000000E-01
  113  2.12933192E+01  2.30131525E-06  3.94804053E-04  2.00779452E-02  2.00000000E-01
  114  2.14933192E+01  2.27619739E-06  3.94343790E-04  2.00896589E-02  2.00000000E-01
  115  2.16933192E+01  2.25157551E-06  3.93888550E-04  2.01012649E-02  2.00000000E-01
  116  2.18933192E+01  2.22743546E-06  3.93438235E-04  2.01127652E-02  2.00000000E-01
  117  2.20933192E+01  2.20376365E-06  3.92992748E-04  2.01241617E-02  2.00000000E-01
  118  2.22933192E+01  2.18054694E-06  3.92551995E-04  2.01354561E-02  2.00000000E-01
  119  2.24933192E+01  2.15777271E-06  3.92115886E-04  2.01466503E-02  2.00000000E-01
  120  2.26933192E+01  2.13542877E-06  3.91684331E-04  2.01577459E-02  2.00000000E-01
  121  2.28933192E+01  2.11350338E-06  3.91257246E-04  2.01687447E-02  2.00000000E-01
  122  2.30933192E+01  2.09198523E-06  3.90834545E-04  2.01796484E-02  2.00000000E-01
  123  2.32933192E+01  2.07086337E-06  3.90416148E-04  2.01904584E-02  2.00000000E-01
  124  2.34933192E+01  2.05012728E-06  3.90001975E-04  2.02011765E-02  2.00000000E-01
  125  2.36933192E+01  2.02976678E-06  3.89591950E-04  2.02118040E-02  2.00000000E-01
  126  2.38933192E+01  2.00977203E-06  3.89185996E-04  2.02223426E-02  2.00000000E-01
  127  2.40933192E+01  1.99013354E-06  3.88784042E-04  2.02327936E-02  2.00000000E-01
  128  2.42933192E+01  1.97084216E-06  3.88386015E-04  2.02431584E-02  2.00000000E-01
  129  2.44933192E+01  1.95188900E-06  3.87991847E-04  2.02534385E-02  2.00000000E-01
  130  2.46933192E+01  1.93326551E-06  3.87601469E-04  2.02636352E-02  2.00000000E-01
  131  2.48933192E+01  1.91496341E-06  3.87214816E-04  2.02737498E-02  2.00000000E-01
  132  2.50933192E+01  1.89697467E-06  3.86831823E-04  2.02837836E-02  2.00000000E-01
  133  2.52933192E+01  1.87929155E-06  3.86452428E-04  2.02937378E-02  2.00000000E-01
  134  2.54933192E+01  1.86190654E-06  3.86076570E-04  2.03036137E-02  2.00000000E-01
  135  2.56933192E+01  1.84481238E-06  3.85704189E-04  2.03134125E-02  2.00000000E-01
  136  2.58933192E+01  1.82800205E-06  3.85335226E-04  2.03231353E-02  2.00000000E-01
  137  2.60933192E+01  1.81146872E-06  3.84969626E-04  2.03327834E-02  2.00000000E-01
  138  2.62933192E+01  1.79520582E-06  3.84607332E-04  2.03423577E-02  2.00000000E-01
  139  2.64933192E+01  1.77920693E-06  3.84248291E-04  2.03518594E-02  2.00000000E-01
  140  2.66933192E+01  1.76346588E-06  3.83892450E-04  2.03612896E-02  2.00000000E-01
  141  2.68933192E+01  1.74797666E-06  3.83539756E-04  2.03706493E-02  2.00000000E-01
  142  2.70933192E+01  1.73273343E-06  3.83190161E-04  2.03799395E-02  2.00000000E-01
  143  2.72933192E+01  1.71773057E-06  3.82843614E-04  2.03891613E-02  2.00000000E-01
  144  2.74933192E+01  1.70296258E-06  3.82500068E-04  2.03983156E-02  2.00000000E-01
  145  2.76933192E+01  1.68842416E-06  3.82159476E-04  2.04074034E-02  2.00000000E-01
  146  2.78933192E+01  1.67411015E-06  3.81821791E-04  2.04164256E-02  2.00000000E-01
  147  2.80933192E+01  1.66001553E-06  3.81486969E-04  2.04253832E-02  2.00000000E-01
  148  2.82933192E+01  1.64613546E-06  3.81154966E-04  2.04342769E-02  2.00000000E-01
  149  2.84933192E+01  1.63246522E-06  3.80825739E-04  2.04431078E-02  2.00000000E-01
  150  2.86933192E+01  1.61900020E-06  3.80499246E-04  2.04518767E-02  2.00000000E-01
  151  2.88933192E+01  1.60573598E-06  3.80175446E-04  2.04605844E-02  2.00000000E-01
  152  2.90933192E+01  1.59266820E-06  3.79854298E-04  2.04692318E-02  2.00000000E-01
  153  2.92933192E+01  1.57979268E-06  3.79535765E-04  2.04778196E-02  2.00000000E-01
  154  2.94933192E+01  1.56710532E-06  3.79219806E-04  2.04863487E-02  2.00000000E-01
  155  2.96933192E+01  1.55460215E-06  3.78906385E-04  2.04948198E-02  2.00000000E-01
  156  2.98933192E+01  1.54227930E-06  3.78595465E-04  2.05032337E-02  2.00000000E-01
  157  3.00933192E+01  1.53013301E-06  3.78287009E-04  2.05115912E-02  2.00000000E-01
  158  3.02933192E+01  1.51815963E-06  3.77980982E-04  2.05198930E-02  2.00000000E-01
  159  3.04933192E+01  1.50635560E-06  3.77677350E-04  2.05281397E-02  2.00000000E-01
  160  3.06933192E+01  1.49471745E-06  3.77376079E-04  2.05363322E-02  2.00000000E-01
  161  3.08933192E+01  1.48324182E-06  3.77077136E-04  2.05444711E-02  2.00000000E-01
  162  3.10933192E+01  1.47192543E-06  3.76780487E-04  2.05525571E-02  2.00000000E-01
  163  3.12933192E+01  1.46076507E-06  3.76486102E-04  2.05605909E-02  2.00000000E-01
  164  3.14933192E+01  1.44975765E-06  3.76193949E-04  2.05685730E-02  2.00000000E-01
  165  3.16933192E+01  1.43890013E-06  3.75903998E-04  2.05765042E-02  2.00000000E-01
  166  3.18933192E+01  1.42818956E-06  3.75616218E-04  2.05843851E-02  2.00000000E-01
  167  3.20933192E+01  1.41762307E-06  3.75330580E-04  2.05922163E-02  2.00000000E-01
  168  3.22933192E+01  1.40719785E-06  3.75047055E-04  2.05999984E-02  2.00000000E-01
  169  3.24933192E+01  1.39691118E-06  3.74765616E-04  2.06077320E-02  2.00000000E-01
  170  3.26933192E+01  1.38676038E-06  3.74486233E-04  2.06154176E-02  2.00000000E-01
  171  3.28933192E+01  1.37674288E-06  3.74208881E-04  2.06230560E-02  2.00000000E-01
  172  3.30933192E+01  1.36685613E-06  3.73933533E-04  2.06306475E-02  2.00000000E-01
  173  3.32933192E+01  1.35709767E-06  3.73660162E-04  2.06381929E-02  2.00000000E-01
  174  3.34933192E+01  1.34746510E-06  3.73388742E-04  2.06456926E-02  2.00000000E-01
  175  3.36933192E+01  1.33795606E-06  3.73119249E-04  2.06531471E-02  2.00000000E-01
  176  3.38933192E+01  1.32856826E-06  3.72851658E-04  2.06605570E-02  2.00000000E-01
  177  3.40933192E+01  1.31929948E-06  3.72585944E-04  2.06679229E-02  2.00000000E-01
  178  3.42933192E+01  1.31014753E-06  3.72322084E-04  2.06752451E-02  2.00000000E-01
  179  3.44933192E+01  1.30111028E-06  3.72060055E-04  2.06825243E-02  2.00000000E-01
  180  3.46933192E+01  1.29218565E-06  3.71799833E-04  2.06897609E-02  2.00000000E-01
  181  3.48933192E+01  1.28337162E-06  3.71541396E-04  2.06969553E-02  2.00000000E-01
  182  3.50933192E+01  1.27466619E-06  3.71284721E-04  2.07041081E-02  2.00000000E-01
  183  3.52933192E+01  1.26606745E-06  3.71029788E-04  2.07112198E-02  2.00000000E-01
  184  3.54933192E+01  1.25757350E-06  3.70776574E-04  2.07182907E-02  2.00000000E-01
  185  3.56933192E+01  1.24918248E-06  3.70525060E-04  2.07253213E-02  2.00000000E-01
  186  3.58933192E+01  1.24089261E-06  3.70275223E-04  2.07323122E-02  2.00000000E-01
  187  3.60933192E+01  1.23270211E-06  3.70027045E-04  2.07392636E-02  2.00000000E-01
  188  3.62933192E+01  1.22460927E-06  3.69780504E-04  2.07461761E-02  2.00000000E-01
  189  3.64933192E+01  1.21661240E-06  3.69535582E-04  2.07530501E-02  2.00000000E-01
  190  3.66933192E+01  1.20870985E-06  3.69292260E-04  2.07598859E-02  2.00000000E-01
  191  3.68933192E+01  1.20090003E-06  3.69050518E-04  2.07666841E-02  2.00000000E-01
  192  3.70933192E+01  1.19318134E-06  3.68810338E-04  2.07734449E-02  2.00000000E-01
  193  3.72933192E+01  1.18555227E-06  3.68571702E-04  2.07801688E-02  2.00000000E-01
  194  3.74933192E+01  1.17801130E-06  3.68334591E-04  2.07868562E-02  2.00000000E-01
  195  3.76933192E+01  1.17055696E-06  3.68098989E-04  2.07935075E-02  2.00000000E-01
  196  3.78933192E+01  1.16318782E-06  3.67864878E-04  2.08001230E-02  2.00000000E-01
  197  3.80933192E+01  1.15590247E-06  3.67632240E-04  2.08067031E-02  2.00000000E-01
  198  3.82933192E+01  1.14869953E-06  3.67401060E-04  2.08132482E-02  2.00000000E-01
  199  3.84933192E+01  1.14157764E-06  3.67171320E-04  2.08197586E-02  2.00000000E-01
  200  3.86933192E+01  1.13453551E-06  3.66943004E-04  2.08262348E-02  2.00000000E-01
  201  3.88933192E+01  1.12757182E-06  3.66716097E-04  2.08326769E-02  2.00000000E-01
  202  3.90933192E+01  1.12068533E-06  3.66490583E-04  2.08390855E-02  2.00000000E-01
  203  3.92933192E+01  1.11387479E-06  3.66266446E-04  2.08454608E-02  2.00000000E-01
  204  3.94933192E+01  1.10713900E-06  3.66043671E-04  2.08518031E-02  2.00000000E-01
  205  3.96933192E+01  1.10047676E-06  3.65822243E-04  2.08581128E-02  2.00000000E-01
  206  3.98933192E+01  1.09388691E-06  3.65602148E-04  2.08643902E-02  2.00000000E-01
  207  4.00933192E+01  1.08736833E-06  3.65383370E-04  2.08706357E-02  2.00000000E-01
  208  4.02933192E+01  1.08091989E-06  3.65165896E-04  2.08768495E-02  2.00000000E-01
  209  4.04933192E+01  1.07454051E-06  3.64949712E-04  2.08830319E-02  2.00000000E-01
  210  4.06933192E+01  1.06822911E-06  3.64734804E-04  2.08891834E-02  2.00000000E-01
  211  4.08933192E+01  1.06198465E-06  3.64521159E-04  2.08953040E-02  2.00000000E-01
  212  4.10933192E+01  1.05580611E-06  3.64308762E-04  2.09013943E-02  2.00000000E-01
  213  4.12933192E+01  1.04969247E-06  3.64097600E-04  2.09074544E-02  2.00000000E-01
  214  4.14933192E+01  1.04364275E-06  3.63887662E-04  2.09134846E-02  2.00000000E-01
  215  4.16933192E+01  1.03765599E-06  3.63678933E-04  2.09194852E-02  2.00000000E-01
  216  4.18933192E+01  1.03173124E-06  3.63471402E-04  2.09254566E-02  2.00000000E-01
  217  4.20933192E+01  1.02586757E-06  3.63265056E-04  2.09313989E-02  2.00000000E-01
  218  4.22933192E+01  1.02006407E-06  3.63059882E-04  2.09373125E-02  2.00000000E-01
  219  4.24933192E+01  1.01431985E-06  3.62855870E-04  2.09431976E-02  2.00000000E-01
  220  4.26933192E+01  1.00863403E-06  3.62653006E-04  2.09490544E-02  2.00000000E-01
  221  4.28933192E+01  1.00300576E-06  3.62451279E-04  2.09548834E-02  2.00000000E-01
  222  4.30933192E+01  9.97434190E-07  3.62250678E-04  2.09606846E-02  2.00000000E-01
  223  4.32933192E+01  9.91918501E-07  3.62051191E-04  2.09664583E-02  2.00000000E-01
  224  4.34933192E+01  9.86457881E-07  3.61852807E-04  2.09722049E-02  2.00000000E-01
  225  4.36933192E+01  9.81051536E-07  3.61655516E-04  2.09779246E-02  2.00000000E-01
  226  4.38933192E+01  9.75698685E-07  3.61459305E-04  2.09836175E-02  2.00000000E-01
  227  4.40933192E+01  9.70398565E-07  3.61264166E-04  2.09892840E-02  2.00000000E-01
  228  4.42933192E+01  9.65150424E-07  3.61070086E-04  2.09949242E-02  2.00000000E-01
  229  4.44933192E+01  9.59953526E-07  3.60877056E-04  2.10005385E-02  2.00000000E-01
  230  4.46933192E+01  9.54807149E-07  3.60685065E-04  2.10061270E-02  2.00000000E-01
  231  4.48933192E+01  9.49710582E-07  3.60494104E-04  2.10116899E-02  2.00000000E-01
  232  4.50933192E+01  9.44663129E-07  3.60304161E-04  2.10172276E-02  2.00000000E-01
  233  4.52933192E+01  9.39664106E-07  3.60115229E-04  2.10227401E-02  2.00000000E-01
  234  4.54933192E+01  9.34712842E-07  3.59927296E-04  2.10282278E-02  2.00000000E-01
  235  4.56933192E+01  9.29808678E-07  3.59740353E-04  2.10336909E-02  2.00000000E-01
  236  4.58933192E+01  9.24950967E-07  3.59554392E-04  2.10391295E-02  2.00000000E-01
  237  4.60933192E+01  9.20139072E-07  3.59369402E-04  2.10445439E-02  2.00000000E-01
  238  4.62933192E+01  9.15372370E-07  3.59185374E-04  2.10499343E-02  2.00000000E-01
  239  4.64933192E+01  9.10650247E-07  3.59002299E-04  2.10553008E-02  2.00000000E-01
  240  4.66933192E+01  9.05972101E-07  3.58820169E-04  2.10606438E-02  2.00000000E-01
  241  4.68933192E+01  9.01337341E-07  3.58638975E-04  2.10659633E-02  2.00000000E-01
  242  4.70933192E+01  8.96745385E-07  3.58458707E-04  2.10712596E-02  2.00000000E-01
  243  4.72933192E+01  8.92195662E-07  3.58279358E-04  2.10765330E-02  2.00000000E-01
  244  4.74933192E+01  8.87687612E-07  3.58100919E-04  2.10817835E-02  2.00000000E-01
  245  4.76933192E+01  8.83220682E-07  3.57923382E-04  2.10870113E-02  2.00000000E-01
  246  4.78933192E+01  8.78794331E-07  3.57746737E-04  2.10922167E-02  2.00000000E-01
  247  4.80933192E+01  8.74408027E-07  3.57570979E-04  2.10973999E-02  2.00000000E-01
  248  4.82933192E+01  8.70061246E-07  3.57396097E-04  2.11025609E-02  2.00000000E-01
  249  4.84933192E+01  8.65753474E-07  3.57222085E-04  2.11077001E-02  2.00000000E-01
  250  4.86933192E+01  8.61484205E-07  3.57048934E-04  2.11128176E-02  2.00000000E-01
  251  4.88933192E+01  8.57252943E-07  3.56876637E-04  2.11179135E-02  2.00000000E-01
  252  4.90933192E+01  8.53059197E-07  3.56705187E-04  2.11229881E-02  2.00000000E-01
  253  4.92933192E+01  8.48902489E-07  3.56534575E-04  2.11280414E-02  2.00000000E-01
  254  4.94933192E+01  8.44782346E-07  3.56364794E-04  2.11330738E-02  2.00000000E-01
  255  4.96933192E+01  8.40698303E-07  3.56195838E-04  2.11380853E-02  2.00000000E-01
  256  4.98933192E+01  8.36649903E-07  3.56027698E-04  2.11430761E-02  2.00000000E-01
  257  5.00933192E+01  8.32636698E-07  3.55860368E-04  2.11480464E-02  2.00000000E-01
  258  5.02933192E+01  8.28658244E-07  3.55693841E-04  2.11529963E-02  2.00000000E-01
  259  5.04933192E+01  8.24714109E-07  3.55528109E-04  2.11579260E-02  2.00000000E-01
  260  5.06933192E+01  8.20803863E-07  3.55363166E-04  2.11628357E-02  2.00000000E-01
  261  5.08933192E+01  8.16927088E-07  3.55199006E-04  2.11677255E-02  2.00000000E-01
  262  5.10933192E+01  8.13083368E-07  3.55035620E-04  2.11725956E-02  2.00000000E-01
  263  5.12933192E+01  8.09272297E-07  3.54873003E-04  2.11774461E-02  2.00000000E-01
  264  5.14933192E+01  8.05493475E-07  3.54711149E-04  2.11822772E-02  2.00000000E-01
  265  5.16933192E+01  8.01746507E-07  3.54550050E-04  2.11870890E-02  2.00000000E-01
  266  5.18933192E+01  7.98031006E-07  3.54389701E-04  2.11918816E-02  2.00000000E-01
  267  5.20933192E+01  7.94346591E-07  3.54230095E-04  2.11966553E-02  2.00000000E-01
  268  5.22933192E+01  7.90692885E-07  3.54071225E-04  2.12014102E-02  2.00000000E-01
  269  5.24933192E+01  7.87069519E-07  3.53913087E-04  2.12061464E-02  2.00000000E-01
  270  5.26933192E+01  7.83476129E-07  3.53755673E-04  2.12108640E-02  2.00000000E-01
  271  5.28933192E+01  7.79912358E-07  3.53598978E-04  2.12155632E-02  2.00000000E-01
  272  5.30933192E+01  7.76377853E-07  3.53442995E-04  2.12202441E-02  2.00000000E-01
  273  5.32933192E+01  7.72872266E-07  3.53287720E-04  2.12249070E-02  2.00000000E-01
  274  5.34933192E+01  7.69395257E-07  3.53133145E-04  2.12295518E-02  2.00000000E-01
  275  5.36933192E+01  7.65946488E-07  3.52979266E-04  2.12341787E-02  2.00000000E-01
  276  5.38933192E+01  7.62525629E-07  3.52826077E-04  2.12387879E-02  2.00000000E-01
  277  5.40933192E+01  7.59132354E-07  3.52673572E-04  2.12433795E-02  2.00000000E-01
  278  5.42933192E+01  7.55766341E-07  3.52521745E-04  2.12479536E-02  2.00000000E-01
  279  5.44933192E+01  7.52427275E-07  3.52370592E-04  2.12525104E-02  2.00000000E-01
  280  5.46933192E+01  7.49114844E-07  3.52220107E-04  2.12570500E-02  2.00000000E-01
  281  5.48933192E+01  7.45828741E-07  3.52070284E-04  2.12615725E-02  2.00000000E-01
  282  5.50933192E+01  7.42568663E-07  3.51921118E-04  2.12660780E-02  2.00000000E-01
  283  5.52933192E+01  7.39334315E-07  3.51772604E-04  2.12705666E-02  2.00000000E-01
  284  5.54933192E+01  7.36125402E-07  3.51624737E-04  2.12750385E-02  2.00000000E-01
  285  5.56933192E+01  7.32941635E-07  3.51477512E-04  2.12794939E-02  2.00000000E-01
  286  5.58933192E+01  7.29782731E-07  3.51330924E-04  2.12839327E-02  2.00000000E-01
  287  5.60933192E+01  7.26648409E-07  3.51184967E-04  2.12883552E-02  2.00000000E-01
  288  5.62933192E+01  7.23538392E-07  3.51039638E-04  2.12927614E-02  2.00000000E-01
  289  5.64933192E+01  7.20452410E-07  3.50894930E-04  2.12971514E-02  2.00000000E-01
  290  5.66933192E+01  7.17390193E-07  3.50750840E-04  2.13015255E-02  2.00000000E-01
  291  5.68933192E+01  7.14351477E-07  3.50607361E-04  2.13058836E-02  2.00000000E-01
  292  5.70933192E+01  7.11336003E-07  3.50464491E-04  2.13102260E-02  2.00000000E-01
  293  5.72933192E+01  7.08343513E-07  3.50322224E-04  2.13145526E-02  2.00000000E-01
  294  5.74933192E+01  7.05373755E-07  3.50180555E-04  2.13188637E-02  2.00000000E-01
  295  5.76933192E+01  7.02426480E-07  3.50039481E-04  2.13231593E-02  2.00000000E-01
  296  5.78933192E+01  6.99501441E-07  3.49898995E-04  2.13274395E-02  2.00000000E-01
  297  5.80933192E+01  6.96598397E-07  3.49759095E-04  2.13317044E-02  2.00000000E-01
  298  5.82933192E+01  6.93717109E-07  3.49619775E-04  2.13359542E-02  2.00000000E-01
  299  5.84933192E+01  6.90857341E-07  3.49481032E-04  2.13401890E-02  2.00000000E-01
  300  5.86933192E+01  6.88018862E-07  3.49342860E-04  2.13444088E-02  2.00000000E-01
  301  5.88933192E+01  6.85201443E-07  3.49205257E-04  2.13486137E-02  2.00000000E-01
  302  5.90933192E+01  6.82404859E-07  3.49068216E-04  2.13528039E-02  2.00000000E-01
  303  5.92933192E+01  6.79628886E-07  3.48931735E-04  2.13569795E-02  2.00000000E-01
  304  5.94933192E+01  6.76873307E-07  3.48795810E-04  2.13611405E-02  2.00000000E-01
  305  5.96933192E+01  6.74137904E-07  3.48660435E-04  2.13652870E-02  2.00000000E-01
  306  5.98933192E+01  6.71422464E-07  3.48525607E-04  2.13694192E-02  2.00000000E-01
  307  6.00933192E+01  6.68726777E-07  3.48391323E-04  2.13735372E-02  2.00000000E-01
  308  6.02933192E+01  6.66050637E-07  3.48257577E-04  2.13776409E-02  2.00000000E-01
  309  6.04933192E+01  6.63393837E-07  3.48124367E-04  2.13817306E-02  2.00000000E-01
  310  6.06933192E+01  6.60756177E-07  3.47991689E-04  2.13858064E-02  2.00000000E-01
  311  6.08933192E+01  6.58137457E-07  3.47859537E-04  2.13898682E-02  2.00000000E-01
  312  6.10933192E+01  6.55537482E-07  3.47727910E-04  2.13939162E-02  2.00000000E-01
  313  6.12933192E+01  6.52956057E-07  3.47596802E-04  2.13979505E-02  2.00000000E-01
  314  6.14933192E+01  6.50392992E-07  3.47466211E-04  2.14019713E-02  2.00000000E-01
  315  6.16933192E+01  6.47848099E-07  3.47336133E-04  2.14059784E-02  2.00000000E-01
  316  6.18933192E+01  6.45321190E-07  3.47206563E-04  2.14099722E-02  2.00000000E-01
  317  6.20933192E+01  6.42812083E-07  3.47077499E-04  2.14139526E-02  2.00000000E-01
  318  6.22933192E+01  6.40320598E-07  3.46948936E-04  2.14179197E-02  2.00000000E-01
  319  6.24933192E+01  6.37846554E-07  3.46820872E-04  2.14218736E-02  2.00000000E-01
  320  6.26933192E+01  6.35389777E-07  3.46693303E-04  2.14258145E-02  2.00000000E-01
  321  6.28933192E+01  6.32950091E-07  3.46566225E-04  2.14297423E-02  2.00000000E-01
  322  6.30933192E+01  6.30527327E-07  3.46439635E-04  2.14336572E-02  2.00000000E-01
  323  6.32933192E+01  6.28121314E-07  3.46313529E-04  2.14375592E-02  2.00000000E-01
  324  6.34933192E+01  6.25731884E-07  3.46187905E-04  2.14414485E-02  2.00000000E-01
  325  6.36933192E+01  6.23358875E-07  3.46062759E-04  2.14453250E-02  2.00000000E-01
  326  6.38933192E+01  6.21002121E-07  3.45938087E-04  2.14491890E-02  2.00000000E-01
  327  6.40933192E+01  6.18661463E-07  3.45813887E-04  2.14530404E-02  2.00000000E-01
  328  6.42933192E+01  6.16336743E-07  3.45690154E-04  2.14568794E-02  2.00000000E-01
  329  6.44933192E+01  6.14027802E-07  3.45566887E-04  2.14607060E-02  2.00000000E-01
  330  6.46933192E+01  6.11734488E-07  3.45444081E-04  2.14645203E-02  2.00000000E-01
  331  6.48933192E+01  6.09456647E-07  3.45321734E-04  2.14683224E-02  2.00000000E-01
  332  6.50933192E+01  6.07194129E-07  3.45199843E-04  2.14721124E-02  2.00000000E-01
  333  6.52933192E+01  6.04946784E-07  3.45078404E-04  2.14758902E-02  2.00000000E-01
  334  6.54933192E+01  6.02714467E-07  3.44957415E-04  2.14796561E-02  2.00000000E-01
  335  6.56933192E+01  6.00497032E-07  3.44836872E-04  2.14834100E-02  2.00000000E-01
  336  6.58933192E+01  5.98294336E-07  3.44716773E-04  2.14871521E-02  2.00000000E-01
  337  6.60933192E+01  5.96106238E-07  3.44597114E-04  2.14908824E-02  2.00000000E-01
  338  6.62933192E+01  5.93932597E-07  3.44477893E-04  2.14946010E-02  2.00000000E-01
  339  6.64933192E+01  5.91773277E-07  3.44359106E-04  2.14983080E-02  2.00000000E-01
  340  6.66933192E+01  5.89628141E-07  3.44240751E-04  2.15020034E-02  2.00000000E-01
  341  6.68933192E+01  5.87497054E-07  3.44122826E-04  2.15056872E-02  2.00000000E-01
  342  6.70933192E+01  5.85379885E-07  3.44005326E-04  2.15093597E-02  2.00000000E-01
  343  6.72933192E+01  5.83276500E-07  3.43888250E-04  2.15130208E-02  2.00000000E-01
  344  6.74933192E+01  5.81186773E-07  3.43771595E-04  2.15166706E-02  2.00000000E-01
  345  6.76933192E+01  5.79110573E-07  3.43655358E-04  2.15203092E-02  2.00000000E-01
  346  6.78933192E+01  5.77047775E-07  3.43539536E-04  2.15239366E-02  2.00000000E-01
  347  6.80933192E+01  5.74998255E-07  3.43424126E-04  2.15275529E-02  2.00000000E-01
  348  6.82933192E+01  5.72961888E-07  3.43309126E-04  2.15311582E-02  2.00000000E-01
  349  6.84933192E+01  5.70938553E-07  3.43194534E-04  2.15347525E-02  2.00000000E-01
  350  6.86933192E+01  5.68928129E-07  3.43080346E-04  2.15383359E-02  2.00000000E-01
  351  6.88933192E+01  5.66930499E-07  3.42966561E-04  2.15419085E-02  2.00000000E-01
  352  6.90933192E+01  5.64945543E-07  3.42853175E-04  2.15454703E-02  2.00000000E-01
  353  6.92933192E+01  5.62973147E-07  3.42740185E-04  2.15490214E-02  2.00000000E-01
  354  6.94933192E+01  5.61013195E-07  3.42627591E-04  2.15525618E-02  2.00000000E-01
  355  6.96933192E+01  5.59065575E-07  3.42515388E-04  2.15560917E-02  2.00000000E-01
  356  6.98933192E+01  5.57130174E-07  3.42403575E-04  2.15596110E-02  2.00000000E-01
  357  7.00933192E+01  5.55206881E-07  3.42292149E-04  2.15631199E-02  2.00000000E-01
  358  7.02933192E+01  5.53295588E-07  3.42181108E-04  2.15666183E-02  2.00000000E-01
  359  7.04933192E+01  5.51396187E-07  3.42070449E-04  2.15701064E-02  2.00000000E-01
  360  7.06933192E+01  5.49508570E-07  3.41960169E-04  2.15735842E-02  2.00000000E-01
  361  7.08933192E+01  5.47632632E-07  3.41850268E-04  2.15770518E-02  2.00000000E-01
  362  7.10933192E+01  5.45768269E-07  3.41740741E-04  2.15805092E-02  2.00000000E-01
  363  7.12933192E+01  5.43915377E-07  3.41631587E-04  2.15839565E-02  2.00000000E-01
  364  7.14933192E+01  5.42073856E-07  3.41522804E-04  2.15873937E-02  2.00000000E-01
  365  7.16933192E+01  5.40243604E-07  3.41414390E-04  2.15908209E-02  2.00000000E-01
  366  7.18933192E+01  5.38424521E-07  3.41306341E-04  2.15942382E-02  2.00000000E-01
  367  7.20933192E+01  5.36616510E-07  3.41198656E-04  2.15976456E-02  2.00000000E-01
  368  7.22933192E+01  5.34819474E-07  3.41091333E-04  2.16010431E-02  2.00000000E-01
  369  7.24933192E+01  5.33033315E-07  3.40984369E-04  2.16044309E-02  2.00000000E-01
  370  7.26933192E+01  5.31257939E-07  3.40877762E-04  2.16078089E-02  2.00000000E-01
  371  7.28933192E+01  5.29493252E-07  3.40771510E-04  2.16111773E-02  2.00000000E-01
  372  7.30933192E+01  5.27739162E-07  3.40665612E-04  2.16145360E-02  2.00000000E-01
  373  7.32933192E+01  5.25995575E-07  3.40560064E-04  2.16178852E-02  2.00000000E-01
  374  7.34933192E+01  5.24262403E-07  3.40454865E-04  2.16212249E-02  2.00000000E-01
  375  7.36933192E+01  5.22539554E-07  3.40350012E-04  2.16245551E-02  2.00000000E-01
  376  7.38933192E+01  5.20826941E-07  3.40245504E-04  2.16278758E-02  2.00000000E-01
  377  7.40933192E+01  5.19124475E-07  3.40141339E-04  2.16311873E-02  2.00000000E-01
  378  7.42933192E+01  5.17432069E-07  3.40037514E-04  2.16344894E-02  2.00000000E-01
  379  7.44933192E+01  5.15749639E-07  3.39934028E-04  2.16377822E-02  2.00000000E-01
  380  7.46933192E+01  5.14077098E-07  3.39830878E-04  2.16410659E-02  2.00000000E-01
  381  7.48933192E+01  5.12414363E-07  3.39728062E-04  2.16443404E-02  2.00000000E-01
  382  7.50933192E+01  5.10761352E-07  3.39625580E-04  2.16476057E-02  2.00000000E-01
  383  7.52933192E+01  5.09117982E-07  3.39523427E-04  2.16508620E-02  2.00000000E-01
  384  7.54933192E+01  5.07484171E-07  3.39421604E-04  2.16541093E-02  2.00000000E-01
  385  7.56933192E+01  5.05859841E-07  3.39320107E-04  2.16573477E-02  2.00000000E-01
  386  7.58933192E+01  5.04244910E-07  3.39218935E-04  2.16605771E-02  2.00000000E-01
  387  7.60933192E+01  5.02639302E-07  3.39118086E-04  2.16637976E-02  2.00000000E-01
  388  7.62933192E+01  5.01042938E-07  3.39017558E-04  2.16670093E-02  2.00000000E-01
  389  7.64933192E+01  4.99455740E-07  3.38917349E-04  2.16702123E-02  2.00000000E-01
  390  7.66933192E+01  4.97877635E-07  3.38817458E-04  2.16734065E-02  2.00000000E-01
  391  7.68933192E+01  4.96308545E-07  3.38717883E-04  2.16765920E-02  2.00000000E-01
  392  7.70933192E+01  4.94748398E-07  3.38618621E-04  2.16797688E-02  2.00000000E-01
  393  7.72933192E+01  4.93197118E-07  3.38519671E-04  2.16829371E-02  2.00000000E-01
  394  7.74933192E+01  4.91654635E-07  3.38421032E-04  2.16860969E-02  2.00000000E-01
  395  7.76933192E+01  4.90120875E-07  3.38322701E-04  2.16892481E-02  2.00000000E-01
  396  7.78933192E+01  4.88595767E-07  3.38224677E-04  2.16923908E-02  2.00000000E-01
  397  7.80933192E+01  4.87079241E-07  3.38126958E-04  2.16955252E-02  2.00000000E-01
  398  7.82933192E+01  4.85571228E-07  3.38029542E-04  2.16986511E-02  2.00000000E-01
  399  7.84933192E+01  4.84071658E-07  3.37932428E-04  2.17017688E-02  2.00000000E-01
  400  7.86933192E+01  4.82580463E-07  3.37835613E-04  2.17048781E-02  2.00000000E-01
  401  7.88933192E+01  4.81097575E-07  3.37739097E-04  2.17079792E-02  2.00000000E-01
  402  7.90933192E+01  4.79622928E-07  3.37642878E-04  2.17110721E-02  2.00000000E-01
  403  7.92933192E+01  4.78156456E-07  3.37546953E-04  2.17141568E-02  2.00000000E-01
  404  7.94933192E+01  4.76698093E-07  3.37451322E-04  2.17172334E-02  2.00000000E-01
  405  7.96933192E+01  4.75247775E-07  3.37355982E-04  2.17203019E-02  2.00000000E-01
  406  7.98933192E+01  4.73805437E-07  3.37260933E-04  2.17233624E-02  2.00000000E-01
  407  8.00933192E+01  4.72371016E-07  3.37166172E-04  2.17264149E-02  2.00000000E-01
  408  8.02933192E+01  4.70944450E-07  3.37071697E-04  2.17294594E-02  2.00000000E-01
  409  8.04933192E+01  4.69525676E-07  3.36977508E-04  2.17324960E-02  2.00000000E-01
  410  8.06933192E+01  4.68114632E-07  3.36883603E-04  2.17355247E-02  2.00000000E-01
  411  8.08933192E+01  4.66711259E-07  3.36789980E-04  2.17385456E-02  2.00000000E-01
  412  8.10933192E+01  4.65315496E-07  3.36696638E-04  2.17415587E-02  2.00000000E-01
  413  8.12933192E+01  4.63927283E-07  3.36603575E-04  2.17445640E-02  2.00000000E-01
  414  8.14933192E+01  4.62546561E-07  3.36510790E-04  2.17475616E-02  2.00000000E-01
  415  8.16933192E+01  4.61173272E-07  3.36418280E-04  2.17505515E-02  2.00000000E-01
  416  8.18933192E+01  4.59807359E-07  3.36326046E-04  2.17535337E-02  2.00000000E-01
  417  8.20933192E+01  4.58448763E-07  3.36234084E-04  2.17565084E-02  2.00000000E-01
  418  8.22933192E+01  4.57097429E-07  3.36142394E-04  2.17594754E-02  2.00000000E-01
  419  8.24933192E+01  4.55753301E-07  3.36050975E-04  2.17624350E-02  2.00000000E-01
  420  8.26933192E+01  4.54416322E-07  3.35959824E-04  2.17653870E-02  2.00000000E-01
  421  8.28933192E+01  4.53086438E-07  3.35868941E-04  2.17683315E-02  2.00000000E-01
  422  8.30933192E+01  4.51763596E-07  3.35778324E-04  2.17712687E-02  2.00000000E-01
  423  8.32933192E+01  4.50447740E-07  3.35687971E-04  2.17741984E-02  2.00000000E-01
  424  8.34933192E+01  4.49138817E-07  3.35597881E-04  2.17771208E-02  2.00000000E-01
  425  8.36933192E+01  4.47836776E-07  3.35508054E-04  2.17800359E-02  2.00000000E-01
  426  8.38933192E+01  4.46541563E-07  3.35418486E-04  2.17829437E-02  2.00000000E-01
  427  8.40933192E+01  4.45253127E-07  3.35329178E-04  2.17858442E-02  2.00000000E-01
  428  8.42933192E+01  4.43971417E-07  3.35240127E-04  2.17887375E-02  2.00000000E-01
  429  8.44933192E+01  4.42696381E-07  3.35151333E-04  2.17916237E-02  2.00000000E-01
  430  8.46933192E+01  4.41427971E-07  3.35062794E-04  2.17945027E-02  2.00000000E-01
  431  8.48933192E+01  4.40166136E-07  3.34974508E-04  2.17973745E-02  2.00000000E-01
  432  8.50933192E+01  4.38910827E-07  3.34886475E-04  2.18002393E-02  2.00000000E-01
  433  8.52933192E+01  4.37661995E-07  3.34798693E-04  2.18030971E-02  2.00000000E-01
  434  8.54933192E+01  4.36419592E-07  3.34711160E-04  2.18059478E-02  2.00000000E-01
  435  8.56933192E+01  4.35183570E-07  3.34623877E-04  2.18087916E-02  2.00000000E-01
  436  8.58933192E+01  4.33953882E-07  3.34536840E-04  2.18116284E-02  2.00000000E-01
  437  8.60933192E+01  4.32730481E-07  3.34450049E-04  2.18144583E-02  2.00000000E-01
  438  8.62933192E+01  4.31513320E-07  3.34363503E-04  2.18172814E-02  2.00000000E-01
  439  8.64933192E+01  4.30302354E-07  3.34277200E-04  2.18200975E-02  2.00000000E-01
  440  8.66933192E+01  4.29097538E-07  3.34191140E-04  2.18229069E-02  2.00000000E-01
  441  8.68933192E+01  4.27898825E-07  3.34105320E-04  2.18257095E-02  2.00000000E-01
  442  8.70933192E+01  4.26706171E-07  3.34019741E-04  2.18285053E-02  2.00000000E-01
  443  8.72933192E+01  4.25519533E-07  3.33934399E-04  2.18312944E-02  2.00000000E-01
  444  8.74933192E+01  4.24338866E-07  3.33849295E-04  2.18340768E-02  2.00000000E-01
  445  8.76933192E+01  4.23164127E-07  3.33764428E-04  2.18368526E-02  2.00000000E-01
  446  8.78933192E+01  4.21995273E-07  3.33679795E-04  2.18396217E-02  2.00000000E-01
  447  8.80933192E+01  4.20832261E-07  3.33595396E-04  2.18423842E-02  2.00000000E-01
  448  8.82933192E+01  4.19675049E-07  3.33511229E-04  2.18451401E-02  2.00000000E-01
  449  8.84933192E+01  4.18523596E-07  3.33427294E-04  2.18478896E-02  2.00000000E-01
  450  8.86933192E+01  4.17377860E-07  3.33343590E-04  2.18506325E-02  2.00000000E-01
  451  8.88933192E+01  4.16237799E-07  3.33260114E-04  2.18533689E-02  2.00000000E-01
  452  8.90933192E+01  4.15103374E-07  3.33176866E-04  2.18560988E-02  2.00000000E-01
  453  8.92933192E+01  4.13974545E-07  3.33093846E-04  2.18588224E-02  2.00000000E-01
  454  8.94933192E+01  4.12851270E-07  3.33011051E-04  2.18615396E-02  2.00000000E-01
  455  8.96933192E+01  4.11733512E-07  3.32928481E-04  2.18642503E-02  2.00000000E-01
  456  8.98933192E+01  4.10621230E-07  3.32846134E-04  2.18669548E-02  2.00000000E-01
  457  9.00933192E+01  4.09514386E-07  3.32764010E-04  2.18696530E-02  2.00000000E-01
  458  9.02933192E+01  4.08412942E-07  3.32682107E-04  2.18723448E-02  2.00000000E-01
  459  9.04933192E+01  4.07316859E-07  3.32600424E-04  2.18750305E-02  2.00000000E-01
  460  9.06933192E+01  4.06226100E-07  3.32518961E-04  2.18777099E-02  2.00000000E-01
  461  9.08933192E+01  4.05140628E-07  3.32437716E-04  2.18803831E-02  2.00000000E-01
  462  9.10933192E+01  4.04060404E-07  3.32356687E-04  2.18830501E-02  2.00000000E-01
  463  9.12933192E+01  4.02985394E-07  3.32275875E-04  2.18857110E-02  2.00000000E-01
  464  9.14933192E+01  4.01915560E-07  3.32195278E-04  2.18883658E-02  2.00000000E-01
  465  9.16933192E+01  4.00850867E-07  3.32114895E-04  2.18910145E-02  2.00000000E-01
  466  9.18933192E+01  3.99791278E-07  3.32034725E-04  2.18936572E-02  2.00000000E-01
  467  9.20933192E+01  3.98736759E-07  3.31954767E-04  2.18962938E-02  2.00000000E-01
  468  9.22933192E+01  3.97687274E-07  3.31875019E-04  2.18989244E-02  2.00000000E-01
  469  9.24933192E+01  3.96642789E-07  3.31795482E-04  2.19015490E-02  2.00000000E-01
  470  9.26933192E+01  3.95603269E-07  3.31716153E-04  2.19041677E-02  2.00000000E-01
  471  9.28933192E+01  3.94568680E-07  3.31637033E-04  2.19067804E-02  2.00000000E-01
  472  9.30933192E+01  3.93538988E-07  3.31558119E-04  2.19093873E-02  2.00000000E-01
  473  9.32933192E+01  3.92514160E-07  3.31479411E-04  2.19119883E-02  2.00000000E-01
  474  9.34933192E+01  3.91494163E-07  3.31400908E-04  2.19145834E-02  2.00000000E-01
  475  9.36933192E+01  3.90478964E-07  3.31322610E-04  2.19171727E-02  2.00000000E-01
  476  9.38933192E+01  3.89468530E-07  3.31244514E-04  2.19197562E-02  2.00000000E-01
  477  9.40933192E+01  3.88462828E-07  3.31166620E-04  2.19223339E-02  2.00000000E-01
  478  9.42933192E+01  3.87461828E-07  3.31088927E-04  2.19249059E-02  2.00000000E-01
  479  9.44933192E+01  3.86465496E-07  3.31011435E-04  2.19274721E-02  2.00000000E-01
  480  9.46933192E+01  3.85473802E-07  3.30934142E-04  2.19300327E-02  2.00000000E-01
  481  9.48933192E+01  3.84486715E-07  3.30857047E-04  2.19325875E-02  2.00000000E-01
  482  9.50933192E+01  3.83504203E-07  3.30780150E-04  2.19351367E-02  2.00000000E-01
  483  9.52933192E+01  3.82526235E-07  3.30703449E-04  2.19376803E-02  2.00000000E-01
  484  9.54933192E+01  3.81552783E-07  3.30626944E-04  2.19402183E-02  2.00000000E-01
  485  9.56933192E+01  3.80583814E-07  3.30550633E-04  2.19427507E-02  2.00000000E-01
  486  9.58933192E+01  3.79619300E-07  3.30474516E-04  2.19452775E-02  2.00000000E-01
  487  9.60933192E+01  3.78659211E-07  3.30398593E-04  2.19477989E-02  2.00000000E-01
  488  9.62933192E+01  3.77703518E-07  3.30322861E-04  2.19503147E-02  2.00000000E-01
  489  9.64933192E+01  3.76752191E-07  3.30247320E-04  2.19528250E-02  2.00000000E-01
  490  9.66933192E+01  3.75805201E-07  3.30171970E-04  2.19553298E-02  2.00000000E-01
  491  9.68933192E+01  3.74862521E-07  3.30096809E-04  2.19578292E-02  2.00000000E-01
  492  9.70933192E+01  3.73924121E-07  3.30021836E-04  2.19603232E-02  2.00000000E-01
  493  9.72933192E+01  3.72989975E-07  3.29947051E-04  2.19628118E-02  2.00000000E-01
  494  9.74933192E+01  3.72060052E-07  3.29872453E-04  2.19652950E-02  2.00000000E-01
  495  9.76933192E+01  3.71134327E-07  3.29798041E-04  2.19677729E-02  2.00000000E-01
  496  9.78933192E+01  3.70212772E-07  3.29723814E-04  2.19702454E-02  2.00000000E-01
  497  9.80933192E+01  3.69295360E-07  3.29649772E-04  2.19727126E-02  2.00000000E-01
  498  9.82933192E+01  3.68382063E-07  3.29575913E-04  2.19751746E-02  2.00000000E-01
  499  9.84933192E+01  3.67472855E-07  3.29502236E-04  2.19776313E-02  2.00000000E-01
  500  9.86933192E+01  3.66567710E-07  3.29428742E-04  2.19800827E-02  2.00000000E-01
  501  9.88933192E+01  3.65666601E-07  3.29355428E-04  2.19825289E-02  2.00000000E-01
  502  9.90933192E+01  3.64769503E-07  3.29282295E-04  2.19849699E-02  2.00000000E-01
  503  9.92933192E+01  3.63876389E-07  3.29209341E-04  2.19874058E-02  2.00000000E-01
  504  9.94933192E+01  3.62987234E-07  3.29136566E-04  2.19898364E-02  2.00000000E-01
  505  9.96933192E+01  3.62102012E-07  3.29063968E-04  2.19922620E-02  2.00000000E-01
  506  9.98933192E+01  3.61220699E-07  3.28991548E-04  2.19946824E-02  2.00000000E-01